200 83 886
2777 6915
7793 8335
5386 492
6649 1421
2362 27
8690 59
7763 3926
540 3426
9172 5736
5211 5368
2567 6429
5782 1530
2862 5123
4067 3135
3929 9802
4022 3058
3069 8167
1393 8456
5011 8042
6229 7373
4421 4919
3784 8537
5198 4324
8315 4370
6413 3526
6091 8980
9956 1873
6862 9170
6996 7281
2305 925
7084 6327
336 6505
846 1729
1313 5857
6124 3895
9582 545
8814 3367
5434 364
4043 3750
1087 6808
7276 7178
5788 3584
5403 2651
2754 2399
9932 5060
9676 3368
7739 12
6226 8586
8094 7539
795 570
1434 378
7467 6601
97 2902
3317 492
6652 756
7301 280
4286 9441
3865 9689
8444 6619
8440 4729
8031 8117
8097 5771
4481 675
709 8927
4567 7856
9497 2353
4586 6965
5306 4683
6219 8624
1528 2871
5732 8829
9503 19
8270 3368
9708 6715
6340 8149
7796 723
2618 2245
2846 3451
2921 3555
2379 7488
7764 8228
9841 2350
5193 1500
7034 7764
124 4914
6987 5856
3743 6491
2227 8365
9859 1936
1432 2551
6437 9228
3275 5407
1474 6121
8858 4395
6029 1237
8235 3793
5818 4428
6143 1011
5928 9529
8776 2404
4443 5763
4613 4538
8606 6840
2904 4818
5128 688
7369 7917
9917 6996
3324 7743
9470 2183
8490 5499
9772 6725
5644 5590
7505 8139
2954 9786
7669 8082
8542 8464
197 9507
9355 8804
6348 8611
3622 7828
9299 7343
5746 5568
4340 5422
3311 3810
7605 1801
5661 3730
4878 1305
9320 8736
9444 8626
8522 3465
6708 3416
8282 3258
2924 7637
2062 5624
2600 2036
3452 1899
9379 5550
7468 71
973 7131
3881 4930
8933 5894
8660 163
7199 7981
8899 2996
2959 3773
2813 9668
7190 1095
2926 6466
5084 1340
2090 7684
3376 5542
5936 9107
7445 9756
9179 8418
6887 9412
3348 2172
1659 2009
2336 5210
6342 7587
8206 9301
7713 7372
5321 1255
4819 4599
7721 9904
5939 9811
3940 5667
1705 6228
1127 9150
5984 6658
3920 9224
2422 7269
1396 4081
5630 84
9292 1972
7672 3850
7625 5385
1222 9299
6640 6042
3898 713
2298 6190
524 2590
8209 8581
8819 9336
7732 1155
5994 8004
379 4769
5273 1776
8850 7255
1860 8142
5579 5884
1993 3205
7621 9567
2504 613
1961 2754
1326 4259
8944 8202
3202 3506
6784 2021
2842 868
9528 5189
